Muscles	PercentGaitCycle	VerySlowLB	VerySlowMean	VerySlowUB	SlowLB	SlowMean	SlowUB	FreeLB	FreeMean	FreeUB	FastLB	FastMean	FastUB	VeryFastLB	VeryFastMean	VeryFastUB
Rectus Femoris	0	0.0158	0.0909	0.1661	0.0418	0.1365	0.2311	0.0758	0.2187	0.3616	0.1505	0.3171	0.4837	0.1919	0.3514	0.5109
Rectus Femoris	2	0.0177	0.0974	0.1771	0.0527	0.1644	0.2761	0.0977	0.2662	0.4346	0.193	0.3798	0.5666	0.221	0.4013	0.5815
Rectus Femoris	4	0.0167	0.1021	0.1875	0.0593	0.1859	0.3126	0.1157	0.3081	0.5005	0.2282	0.4371	0.646	0.2422	0.4431	0.644
Rectus Femoris	6	0.0137	0.1027	0.1918	0.0572	0.1908	0.3245	0.1204	0.3209	0.5215	0.2413	0.461	0.6807	0.2486	0.4591	0.6696
Rectus Femoris	8	0.0115	0.0998	0.1881	0.0473	0.1806	0.3139	0.109	0.2974	0.4858	0.2258	0.4366	0.6475	0.2357	0.4392	0.6428
Rectus Femoris	10	0.0097	0.0978	0.186	0.0359	0.1612	0.2865	0.0861	0.2515	0.417	0.1855	0.3746	0.5637	0.2034	0.3885	0.5737
Rectus Femoris	12	0.005	0.0968	0.1886	0.0265	0.1405	0.2544	0.0597	0.2022	0.3448	0.1333	0.2994	0.4655	0.1582	0.3234	0.4886
Rectus Femoris	14	0.0002	0.0946	0.189	0.0201	0.1232	0.2263	0.0363	0.1605	0.2847	0.0859	0.231	0.3761	0.1114	0.261	0.4105
Rectus Femoris	16	-0.0044	0.0912	0.1868	0.0163	0.1093	0.2023	0.0191	0.1293	0.2395	0.0528	0.1786	0.3044	0.0729	0.2116	0.3503
Rectus Femoris	18	-0.0137	0.0879	0.1896	0.0119	0.0973	0.1826	0.0084	0.1075	0.2066	0.0325	0.1438	0.255	0.0463	0.178	0.3097
Rectus Femoris	20	-0.0166	0.0831	0.1828	0.0061	0.087	0.1679	0.003	0.0928	0.1827	0.0196	0.124	0.2284	0.0299	0.1584	0.2868
Rectus Femoris	22	-0.0127	0.0787	0.1701	-0.0007	0.0788	0.1583	-0.0003	0.0833	0.1669	0.011	0.115	0.2189	0.0205	0.1492	0.278
Rectus Femoris	24	-0.0142	0.0761	0.1664	-0.008	0.0728	0.1537	-0.0038	0.0776	0.1589	0.0058	0.1119	0.218	0.0159	0.1472	0.2786
Rectus Femoris	26	-0.0223	0.0743	0.1708	-0.0139	0.0685	0.1509	-0.0077	0.0742	0.1561	0.0026	0.1115	0.2204	0.0153	0.1502	0.2851
Rectus Femoris	28	-0.0271	0.0716	0.1703	-0.0187	0.065	0.1487	-0.0117	0.072	0.1557	0.0001	0.112	0.2239	0.0165	0.157	0.2976
Rectus Femoris	30	-0.0302	0.0704	0.1711	-0.0202	0.0617	0.1436	-0.0157	0.0705	0.1567	-0.0012	0.1128	0.2267	0.0161	0.167	0.3178
Rectus Femoris	32	-0.0326	0.0699	0.1724	-0.0192	0.0587	0.1365	-0.0187	0.0696	0.1579	-0.0007	0.1138	0.2282	0.0129	0.1787	0.3446
Rectus Femoris	34	-0.0321	0.0688	0.1697	-0.019	0.0565	0.132	-0.0194	0.0693	0.158	0.001	0.1151	0.2293	0.0087	0.1907	0.3726
Rectus Femoris	36	-0.0285	0.0667	0.1618	-0.0183	0.0553	0.129	-0.0181	0.0692	0.1564	0.0023	0.1172	0.2322	0.0065	0.2014	0.3963
Rectus Femoris	38	-0.0279	0.065	0.1578	-0.018	0.0547	0.1274	-0.0154	0.0692	0.1538	0.002	0.1205	0.2389	0.0078	0.2105	0.4132
Rectus Femoris	40	-0.0252	0.0628	0.1508	-0.0179	0.0548	0.1275	-0.0129	0.0702	0.1533	-0.0003	0.1251	0.2505	0.0111	0.2175	0.4239
Rectus Femoris	42	-0.0262	0.0606	0.1473	-0.0178	0.0555	0.1287	-0.0134	0.0731	0.1596	-0.0041	0.1305	0.2651	0.0147	0.2217	0.4286
Rectus Femoris	44	-0.0258	0.0589	0.1436	-0.0183	0.0564	0.131	-0.0176	0.0783	0.1741	-0.0061	0.1353	0.2767	0.0206	0.2227	0.4249
Rectus Femoris	46	-0.0175	0.0558	0.1291	-0.0189	0.0578	0.1344	-0.0226	0.0846	0.1918	-0.0029	0.1384	0.2798	0.0327	0.2227	0.4127
Rectus Femoris	48	-0.0134	0.0541	0.1216	-0.0197	0.0603	0.1403	-0.0241	0.0901	0.2043	0.0058	0.1413	0.2769	0.0536	0.2277	0.4018
Rectus Femoris	50	-0.0134	0.0553	0.1239	-0.021	0.064	0.149	-0.0187	0.094	0.2067	0.0194	0.1486	0.2778	0.0831	0.2468	0.4104
Rectus Femoris	52	-0.0173	0.0573	0.132	-0.0209	0.0671	0.1552	-0.0068	0.0977	0.2022	0.0391	0.1661	0.293	0.1216	0.2881	0.4547
Rectus Femoris	54	-0.0278	0.0605	0.1487	-0.0182	0.0673	0.1528	0.0056	0.1033	0.2009	0.062	0.1978	0.3336	0.1727	0.3533	0.5338
Rectus Femoris	56	-0.0266	0.0604	0.1473	-0.0142	0.064	0.1421	0.01	0.1116	0.2131	0.0816	0.2425	0.4034	0.2348	0.4331	0.6315
Rectus Femoris	58	-0.0312	0.0587	0.1486	-0.0131	0.0591	0.1314	0.0041	0.122	0.24	0.0952	0.2913	0.4874	0.2938	0.5098	0.7258
Rectus Femoris	60	-0.0354	0.0559	0.1472	-0.0169	0.0554	0.1276	-0.0063	0.1321	0.2704	0.1021	0.33	0.5578	0.3322	0.5643	0.7965
Rectus Femoris	62	-0.0378	0.0525	0.1428	-0.0229	0.0537	0.1303	-0.0152	0.1374	0.29	0.1009	0.3465	0.5921	0.3404	0.5861	0.8318
Rectus Femoris	64	-0.0397	0.0488	0.1372	-0.0279	0.0528	0.1334	-0.0214	0.1344	0.2902	0.0901	0.3375	0.5849	0.3203	0.5764	0.8324
Rectus Femoris	66	-0.041	0.046	0.133	-0.0302	0.0508	0.1318	-0.0258	0.1233	0.2724	0.0707	0.309	0.5473	0.2811	0.5443	0.8074
Rectus Femoris	68	-0.0407	0.0434	0.1274	-0.0319	0.0478	0.1275	-0.0287	0.108	0.2446	0.0468	0.2718	0.4969	0.2352	0.5006	0.7659
Rectus Femoris	70	-0.0378	0.0418	0.1214	-0.033	0.0446	0.1222	-0.0305	0.0935	0.2175	0.0236	0.236	0.4484	0.1919	0.4525	0.7131
Rectus Femoris	72	-0.0398	0.0419	0.1236	-0.0329	0.0419	0.1167	-0.0337	0.0829	0.1994	0.0047	0.2064	0.408	0.154	0.4028	0.6515
Rectus Femoris	74	-0.0462	0.0431	0.1324	-0.033	0.04	0.113	-0.0385	0.0759	0.1903	-0.0081	0.1824	0.3729	0.1207	0.3518	0.5829
Rectus Femoris	76	-0.0494	0.0435	0.1364	-0.0332	0.0388	0.1109	-0.0419	0.0707	0.1833	-0.0153	0.1614	0.3381	0.0915	0.3007	0.5099
Rectus Femoris	78	-0.0517	0.0437	0.1392	-0.0329	0.0383	0.1095	-0.0419	0.066	0.174	-0.0177	0.1421	0.302	0.0674	0.2526	0.4377
Rectus Femoris	80	-0.0516	0.0452	0.1419	-0.0316	0.0391	0.1098	-0.0388	0.0625	0.1637	-0.0145	0.1259	0.2662	0.0503	0.2121	0.374
Rectus Femoris	82	-0.0526	0.0495	0.1516	-0.0294	0.0419	0.1131	-0.0336	0.0615	0.1567	-0.0059	0.1152	0.2363	0.0417	0.184	0.3264
Rectus Femoris	84	-0.0493	0.0556	0.1606	-0.0256	0.0473	0.1201	-0.0271	0.0649	0.1569	0.0055	0.1128	0.22	0.042	0.1713	0.3006
Rectus Femoris	86	-0.0511	0.064	0.1791	-0.0204	0.055	0.1304	-0.0179	0.0735	0.165	0.0185	0.1196	0.2208	0.0507	0.1741	0.2975
Rectus Femoris	88	-0.0463	0.0727	0.1917	-0.0153	0.0646	0.1446	-0.0059	0.087	0.1799	0.0326	0.1354	0.2381	0.0668	0.1901	0.3133
Rectus Femoris	90	-0.0314	0.0822	0.1957	-0.0091	0.0754	0.1599	0.0063	0.1038	0.2013	0.0473	0.1578	0.2682	0.0872	0.2149	0.3425
Rectus Femoris	92	-0.0284	0.0916	0.2116	-0.0009	0.0865	0.1739	0.0192	0.1223	0.2254	0.0632	0.1842	0.3052	0.109	0.2441	0.3793
Rectus Femoris	94	-0.0244	0.0951	0.2147	0.0047	0.0977	0.1908	0.0326	0.1422	0.2519	0.0803	0.2132	0.3461	0.1313	0.2756	0.4198
Rectus Femoris	96	-0.0206	0.0952	0.211	0.0129	0.1095	0.206	0.0453	0.1656	0.2858	0.0991	0.2465	0.3938	0.156	0.3103	0.4645
Rectus Femoris	98	-0.0098	0.0924	0.1947	0.026	0.1255	0.225	0.0607	0.1963	0.3319	0.1255	0.2899	0.4542	0.1836	0.3517	0.5197
Rectus Femoris	100	-0.003	0.0968	0.1965	0.0397	0.1495	0.2593	0.0814	0.2371	0.3929	0.1632	0.3478	0.5323	0.2111	0.4004	0.5896
Medial Hamstrings	0	0.0425	0.1744	0.3062	0.0896	0.2552	0.4209	0.1495	0.3355	0.5216	0.2262	0.4359	0.6456	0.316	0.5479	0.7797
Medial Hamstrings	2	0.0517	0.1964	0.3411	0.0853	0.2631	0.4409	0.1351	0.3178	0.5005	0.1929	0.3997	0.6066	0.2735	0.4924	0.7113
Medial Hamstrings	4	0.0529	0.2088	0.3648	0.0756	0.2626	0.4497	0.1213	0.3042	0.4871	0.1631	0.3696	0.576	0.2345	0.4436	0.6526
Medial Hamstrings	6	0.0547	0.2114	0.3681	0.0657	0.2523	0.439	0.1055	0.2908	0.4762	0.1368	0.3442	0.5516	0.2	0.4049	0.6098
Medial Hamstrings	8	0.0528	0.2052	0.3577	0.0556	0.2316	0.4076	0.0875	0.2727	0.4578	0.1137	0.3225	0.5312	0.1698	0.3767	0.5836
Medial Hamstrings	10	0.0466	0.1933	0.3401	0.0438	0.205	0.3663	0.0688	0.2483	0.4279	0.0945	0.3038	0.513	0.1438	0.3572	0.5705
Medial Hamstrings	12	0.0388	0.1798	0.3208	0.0315	0.1779	0.3243	0.0506	0.2227	0.3948	0.0809	0.2877	0.4945	0.1239	0.3438	0.5636
Medial Hamstrings	14	0.0287	0.1693	0.3099	0.0201	0.155	0.2899	0.0354	0.202	0.3685	0.0725	0.2732	0.4739	0.1118	0.3346	0.5573
Medial Hamstrings	16	0.0218	0.1597	0.2975	0.0117	0.1409	0.2701	0.0249	0.1882	0.3514	0.0671	0.2593	0.4515	0.1066	0.3288	0.5511
Medial Hamstrings	18	0.0197	0.1529	0.2861	0.0066	0.1355	0.2643	0.0192	0.1792	0.3391	0.0618	0.2457	0.4296	0.1042	0.3262	0.5482
Medial Hamstrings	20	0.017	0.1492	0.2815	0.0044	0.1335	0.2627	0.0159	0.1723	0.3286	0.0545	0.2328	0.411	0.1013	0.3263	0.5514
Medial Hamstrings	22	0.0132	0.1454	0.2777	0.004	0.1309	0.2578	0.0128	0.1661	0.3194	0.0461	0.221	0.3958	0.0962	0.3283	0.5603
Medial Hamstrings	24	0.0097	0.1388	0.2678	0.0033	0.1264	0.2495	0.0104	0.1603	0.3101	0.0393	0.2108	0.3823	0.0907	0.3304	0.5702
Medial Hamstrings	26	0.0048	0.1303	0.2558	0.0025	0.1193	0.236	0.0091	0.1546	0.3	0.034	0.203	0.372	0.0879	0.3306	0.5733
Medial Hamstrings	28	0.0004	0.1227	0.2449	0.0003	0.1106	0.2209	0.0064	0.1484	0.2903	0.0273	0.1978	0.3684	0.0882	0.3265	0.5649
Medial Hamstrings	30	-0.0036	0.1164	0.2364	-0.0032	0.1032	0.2097	0.001	0.1414	0.2817	0.0185	0.1945	0.3705	0.0882	0.3174	0.5466
Medial Hamstrings	32	-0.0045	0.1119	0.2282	-0.0079	0.099	0.206	-0.0061	0.1347	0.2755	0.0103	0.1916	0.373	0.084	0.3041	0.5241
Medial Hamstrings	34	-0.0076	0.1119	0.2313	-0.0106	0.0974	0.2054	-0.0137	0.13	0.2736	0.0049	0.1888	0.3728	0.0734	0.2878	0.5022
Medial Hamstrings	36	-0.0139	0.1129	0.2397	-0.0124	0.0973	0.207	-0.0204	0.1274	0.2751	0.0017	0.1861	0.3705	0.0578	0.2693	0.4809
Medial Hamstrings	38	-0.0172	0.1121	0.2413	-0.017	0.0978	0.2125	-0.0259	0.126	0.2779	-0.0014	0.1824	0.3661	0.0422	0.2483	0.4543
Medial Hamstrings	40	-0.0195	0.1134	0.2463	-0.0226	0.097	0.2165	-0.031	0.1246	0.2802	-0.0054	0.1757	0.3569	0.0314	0.2244	0.4174
Medial Hamstrings	42	-0.0189	0.1114	0.2417	-0.0243	0.0945	0.2132	-0.0359	0.1215	0.279	-0.0108	0.1646	0.34	0.0262	0.199	0.3719
Medial Hamstrings	44	-0.0219	0.1098	0.2416	-0.0244	0.0914	0.2073	-0.0398	0.1162	0.2723	-0.0157	0.1499	0.3154	0.0237	0.1753	0.3268
Medial Hamstrings	46	-0.0243	0.1059	0.2361	-0.0244	0.0885	0.2015	-0.0412	0.1092	0.2596	-0.0172	0.1345	0.2861	0.0198	0.1566	0.2934
Medial Hamstrings	48	-0.0238	0.1004	0.2246	-0.0233	0.0858	0.195	-0.0383	0.1023	0.2429	-0.0151	0.1218	0.2586	0.0132	0.1448	0.2765
Medial Hamstrings	50	-0.0201	0.0945	0.2091	-0.0218	0.0843	0.1904	-0.0318	0.0976	0.227	-0.0117	0.1138	0.2393	0.0068	0.1395	0.2722
Medial Hamstrings	52	-0.02	0.0905	0.201	-0.0205	0.0845	0.1894	-0.026	0.0953	0.2167	-0.0091	0.1097	0.2284	0.0024	0.1378	0.2732
Medial Hamstrings	54	-0.0227	0.0881	0.199	-0.02	0.0857	0.1913	-0.0245	0.0938	0.2122	-0.0068	0.1066	0.22	0.0004	0.1362	0.2721
Medial Hamstrings	56	-0.0261	0.0874	0.2009	-0.0186	0.0862	0.191	-0.0257	0.0911	0.2079	-0.0041	0.102	0.2081	0.0011	0.1323	0.2634
Medial Hamstrings	58	-0.0286	0.0883	0.2052	-0.0167	0.0847	0.1861	-0.0254	0.0867	0.1987	-0.0021	0.0956	0.1934	0.0034	0.1251	0.2467
Medial Hamstrings	60	-0.0278	0.089	0.2057	-0.0143	0.0824	0.1791	-0.0239	0.0813	0.1864	-0.0039	0.0886	0.181	0.0046	0.1156	0.2267
Medial Hamstrings	62	-0.0273	0.0912	0.2096	-0.0139	0.0811	0.176	-0.0233	0.0757	0.1748	-0.0061	0.0815	0.1691	0.0017	0.1057	0.2098
Medial Hamstrings	64	-0.0292	0.0932	0.2155	-0.0141	0.0803	0.1746	-0.0235	0.0708	0.1652	-0.0043	0.0751	0.1545	-0.0046	0.097	0.1986
Medial Hamstrings	66	-0.0261	0.0933	0.2128	-0.014	0.0792	0.1725	-0.0247	0.0675	0.1596	-0.0037	0.0703	0.1442	-0.0105	0.0907	0.1918
Medial Hamstrings	68	-0.0255	0.0938	0.213	-0.0153	0.0786	0.1724	-0.0269	0.0664	0.1596	-0.0088	0.0681	0.145	-0.015	0.088	0.191
Medial Hamstrings	70	-0.0311	0.0924	0.2158	-0.0188	0.0788	0.1764	-0.0299	0.0671	0.1642	-0.0176	0.0687	0.155	-0.0197	0.0904	0.2004
Medial Hamstrings	72	-0.032	0.0889	0.2099	-0.0272	0.079	0.1852	-0.0326	0.0685	0.1695	-0.0243	0.0711	0.1665	-0.0224	0.0999	0.2223
Medial Hamstrings	74	-0.0324	0.0848	0.2021	-0.0317	0.076	0.1837	-0.0309	0.0694	0.1696	-0.023	0.0758	0.1746	-0.0164	0.1195	0.2555
Medial Hamstrings	76	-0.0326	0.0778	0.1881	-0.0239	0.0695	0.1629	-0.0219	0.0712	0.1643	-0.0115	0.0862	0.1839	0.0057	0.1526	0.2994
Medial Hamstrings	78	-0.032	0.0717	0.1753	-0.0138	0.0643	0.1424	-0.0078	0.0791	0.1659	0.0098	0.1081	0.2064	0.0479	0.2022	0.3565
Medial Hamstrings	80	-0.0399	0.0687	0.1773	-0.008	0.0649	0.1378	0.0078	0.0995	0.1912	0.0405	0.1477	0.2549	0.1088	0.2694	0.4299
Medial Hamstrings	82	-0.0304	0.0628	0.156	-0.003	0.0735	0.1499	0.0285	0.1362	0.244	0.081	0.2078	0.3346	0.1824	0.3512	0.5199
Medial Hamstrings	84	-0.0292	0.0598	0.1487	0.0043	0.0908	0.1773	0.0586	0.1882	0.3177	0.1322	0.2855	0.4387	0.2615	0.4406	0.6197
Medial Hamstrings	86	-0.0281	0.0608	0.1498	0.0145	0.1163	0.2181	0.0964	0.2494	0.4024	0.1909	0.3711	0.5513	0.3374	0.5273	0.7171
Medial Hamstrings	88	-0.0231	0.0657	0.1544	0.0264	0.1461	0.2657	0.136	0.3104	0.4848	0.248	0.4499	0.6519	0.3991	0.5992	0.7993
Medial Hamstrings	90	-0.0177	0.0738	0.1653	0.0377	0.1739	0.3101	0.1684	0.3588	0.5491	0.2907	0.5056	0.7205	0.4348	0.6452	0.8557
Medial Hamstrings	92	-0.0144	0.0861	0.1866	0.0491	0.1959	0.3426	0.1847	0.3839	0.583	0.3078	0.5266	0.7453	0.4391	0.6587	0.8783
Medial Hamstrings	94	-0.0089	0.1036	0.216	0.064	0.2127	0.3615	0.1812	0.383	0.5848	0.2966	0.5121	0.7277	0.4153	0.6398	0.8643
Medial Hamstrings	96	0.0025	0.1291	0.2556	0.0796	0.2269	0.3742	0.1648	0.3636	0.5624	0.2646	0.4731	0.6815	0.3716	0.596	0.8204
Medial Hamstrings	98	0.0196	0.1623	0.305	0.0882	0.2397	0.3912	0.146	0.3376	0.5293	0.225	0.4253	0.6255	0.3177	0.5392	0.7608
Medial Hamstrings	100	0.0361	0.1939	0.3518	0.0867	0.249	0.4113	0.1285	0.3134	0.4983	0.1876	0.3815	0.5753	0.2638	0.4821	0.7004
Lateral Hamstrings	0	0.0331	0.1477	0.2622	0.0675	0.2187	0.3698	0.123	0.2968	0.4707	0.2021	0.4097	0.6174	0.3195	0.5329	0.7463
Lateral Hamstrings	2	0.0355	0.155	0.2744	0.0652	0.2129	0.3607	0.1096	0.2801	0.4506	0.1813	0.385	0.5887	0.2906	0.499	0.7073
Lateral Hamstrings	4	0.0369	0.1465	0.2561	0.0562	0.1958	0.3354	0.0912	0.2622	0.4333	0.1584	0.3615	0.5646	0.2581	0.4671	0.6761
Lateral Hamstrings	6	0.0336	0.1315	0.2294	0.0452	0.1712	0.2972	0.0724	0.2391	0.4058	0.1336	0.334	0.5344	0.2251	0.4378	0.6505
Lateral Hamstrings	8	0.0253	0.1187	0.2121	0.0361	0.1461	0.256	0.0554	0.2096	0.3637	0.1098	0.3	0.4903	0.1954	0.4103	0.6251
Lateral Hamstrings	10	0.019	0.1082	0.1973	0.0289	0.1247	0.2206	0.0397	0.179	0.3184	0.0887	0.2658	0.443	0.1703	0.3855	0.6006
Lateral Hamstrings	12	0.013	0.0984	0.1837	0.0219	0.1087	0.1955	0.0263	0.1555	0.2847	0.0699	0.2415	0.4131	0.1497	0.3669	0.5841
Lateral Hamstrings	14	0.0061	0.0917	0.1774	0.0158	0.0981	0.1804	0.0171	0.1432	0.2693	0.055	0.2324	0.4099	0.1368	0.3584	0.58
Lateral Hamstrings	16	0.0033	0.0859	0.1684	0.0116	0.0919	0.1722	0.0126	0.1406	0.2686	0.0451	0.2366	0.4281	0.134	0.3614	0.5888
Lateral Hamstrings	18	0.0028	0.0818	0.1608	0.0088	0.0889	0.169	0.0115	0.1435	0.2755	0.0394	0.2474	0.4555	0.1399	0.3739	0.6079
Lateral Hamstrings	20	0	0.0802	0.1604	0.0054	0.0885	0.1717	0.012	0.1476	0.2831	0.0371	0.2583	0.4796	0.1505	0.3912	0.6318
Lateral Hamstrings	22	-0.0038	0.0796	0.163	0.0007	0.0899	0.179	0.0122	0.1498	0.2873	0.0367	0.2655	0.4944	0.1612	0.4076	0.6541
Lateral Hamstrings	24	-0.0086	0.0793	0.1672	-0.0023	0.0912	0.1847	0.011	0.1494	0.2878	0.0358	0.2678	0.4999	0.1674	0.4183	0.6692
Lateral Hamstrings	26	-0.0129	0.078	0.169	-0.0057	0.0914	0.1885	0.008	0.1474	0.2869	0.0329	0.2652	0.4975	0.1664	0.4197	0.6729
Lateral Hamstrings	28	-0.0133	0.0765	0.1663	-0.0097	0.0899	0.1895	0.003	0.1444	0.2859	0.0281	0.2582	0.4883	0.1579	0.4099	0.662
Lateral Hamstrings	30	-0.0122	0.0741	0.1604	-0.0114	0.0874	0.1863	-0.0033	0.1406	0.2845	0.0223	0.2481	0.474	0.1426	0.3899	0.6372
Lateral Hamstrings	32	-0.0105	0.0738	0.1582	-0.0105	0.0859	0.1822	-0.0095	0.1365	0.2826	0.0162	0.2368	0.4575	0.1213	0.3626	0.6038
Lateral Hamstrings	34	-0.0117	0.0745	0.1606	-0.011	0.0865	0.184	-0.014	0.1331	0.2801	0.0104	0.2257	0.4411	0.0963	0.3316	0.5669
Lateral Hamstrings	36	-0.0192	0.0756	0.1705	-0.015	0.0887	0.1924	-0.016	0.1308	0.2776	0.0071	0.2153	0.4235	0.0709	0.2993	0.5276
Lateral Hamstrings	38	-0.0269	0.0781	0.1831	-0.0203	0.0912	0.2028	-0.0165	0.1295	0.2755	0.007	0.2047	0.4024	0.0481	0.2663	0.4845
Lateral Hamstrings	40	-0.026	0.0811	0.1881	-0.0251	0.0939	0.213	-0.0177	0.1276	0.2729	0.006	0.1928	0.3795	0.03	0.2329	0.4357
Lateral Hamstrings	42	-0.0227	0.0824	0.1874	-0.0289	0.0964	0.2216	-0.0195	0.1235	0.2665	0.0005	0.1778	0.3552	0.0175	0.2001	0.3827
Lateral Hamstrings	44	-0.0222	0.0818	0.1858	-0.0302	0.0976	0.2255	-0.022	0.1164	0.2549	-0.0077	0.1592	0.3261	0.0097	0.1702	0.3306
Lateral Hamstrings	46	-0.0249	0.0825	0.1899	-0.0297	0.097	0.2238	-0.0255	0.1069	0.2393	-0.016	0.1381	0.2923	0.0052	0.1453	0.2854
Lateral Hamstrings	48	-0.0269	0.0835	0.194	-0.0308	0.0954	0.2217	-0.028	0.096	0.2201	-0.0216	0.1172	0.256	0.0029	0.127	0.2512
Lateral Hamstrings	50	-0.0288	0.0842	0.1972	-0.0347	0.0941	0.223	-0.0291	0.0855	0.2001	-0.0203	0.0991	0.2184	0.0021	0.1154	0.2288
Lateral Hamstrings	52	-0.0299	0.0865	0.203	-0.0382	0.0922	0.2226	-0.031	0.0768	0.1847	-0.0125	0.0852	0.1829	0.0021	0.1093	0.2165
Lateral Hamstrings	54	-0.0297	0.091	0.2117	-0.0388	0.0875	0.2138	-0.0353	0.07	0.1752	-0.0045	0.076	0.1564	0.0018	0.1068	0.2117
Lateral Hamstrings	56	-0.0386	0.0941	0.2269	-0.0343	0.0787	0.1916	-0.0386	0.0639	0.1664	-0.0012	0.071	0.1431	0.0007	0.1056	0.2106
Lateral Hamstrings	58	-0.0457	0.0936	0.2328	-0.0261	0.0669	0.1598	-0.038	0.0587	0.1554	-0.0018	0.0691	0.14	-0.0002	0.1041	0.2085
Lateral Hamstrings	60	-0.0418	0.0874	0.2166	-0.017	0.0565	0.1299	-0.0348	0.0552	0.1453	-0.0041	0.0689	0.1419	0	0.1013	0.2027
Lateral Hamstrings	62	-0.0355	0.0792	0.1939	-0.0113	0.0518	0.1149	-0.0325	0.0538	0.1401	-0.0073	0.069	0.1453	0.0005	0.0973	0.194
Lateral Hamstrings	64	-0.0375	0.0721	0.1817	-0.015	0.0534	0.1218	-0.0333	0.0539	0.1412	-0.0112	0.0684	0.1479	0	0.0927	0.1854
Lateral Hamstrings	66	-0.0418	0.0688	0.1795	-0.0204	0.059	0.1383	-0.0357	0.0552	0.1461	-0.0146	0.0665	0.1475	-0.0021	0.0883	0.1787
Lateral Hamstrings	68	-0.0422	0.0702	0.1826	-0.0214	0.0654	0.1523	-0.0369	0.0573	0.1515	-0.0168	0.064	0.1447	-0.0041	0.0852	0.1744
Lateral Hamstrings	70	-0.0284	0.0709	0.1702	-0.023	0.071	0.1651	-0.0368	0.0593	0.1554	-0.019	0.0623	0.1436	-0.0036	0.0848	0.1732
Lateral Hamstrings	72	-0.0328	0.0722	0.1773	-0.0264	0.0733	0.173	-0.0349	0.0603	0.1555	-0.0213	0.0633	0.148	0.0009	0.09	0.1791
Lateral Hamstrings	74	-0.0323	0.0703	0.1728	-0.026	0.0704	0.1668	-0.0303	0.0606	0.1515	-0.0209	0.0694	0.1597	0.0101	0.1043	0.1985
Lateral Hamstrings	76	-0.0248	0.065	0.1548	-0.0216	0.0647	0.151	-0.0234	0.0627	0.1489	-0.0146	0.0832	0.1811	0.0261	0.1318	0.2376
Lateral Hamstrings	78	-0.0223	0.0597	0.1416	-0.0185	0.0614	0.1413	-0.0157	0.0712	0.1582	-0.0013	0.1077	0.2166	0.0528	0.1754	0.298
Lateral Hamstrings	80	-0.0261	0.0554	0.137	-0.0152	0.0637	0.1426	-0.0056	0.0901	0.1859	0.0193	0.1439	0.2686	0.094	0.2355	0.3769
Lateral Hamstrings	82	-0.0221	0.0521	0.1262	-0.0078	0.0729	0.1537	0.0115	0.1197	0.2279	0.0478	0.1913	0.3347	0.1501	0.3088	0.4675
Lateral Hamstrings	84	-0.0216	0.054	0.1296	0.0021	0.0884	0.1748	0.0362	0.1569	0.2776	0.0846	0.2469	0.4092	0.217	0.3891	0.5611
Lateral Hamstrings	86	-0.0195	0.0592	0.138	0.0123	0.1079	0.2034	0.0631	0.1982	0.3332	0.1269	0.3066	0.4863	0.2854	0.4676	0.6499
Lateral Hamstrings	88	-0.0161	0.0679	0.1519	0.022	0.1296	0.2372	0.0872	0.2402	0.3932	0.1694	0.3646	0.5599	0.343	0.5352	0.7274
Lateral Hamstrings	90	-0.011	0.08	0.171	0.0312	0.1523	0.2734	0.1075	0.2783	0.4491	0.2065	0.4135	0.6205	0.3817	0.5836	0.7855
Lateral Hamstrings	92	-0.0064	0.0918	0.1901	0.0422	0.1739	0.3056	0.1236	0.3062	0.4888	0.2325	0.4455	0.6584	0.3993	0.6079	0.8166
Lateral Hamstrings	94	0.001	0.1044	0.2079	0.0541	0.1926	0.3312	0.1331	0.3193	0.5055	0.2421	0.4554	0.6688	0.397	0.6077	0.8185
Lateral Hamstrings	96	0.0111	0.1182	0.2253	0.0621	0.2072	0.3524	0.1326	0.3169	0.5013	0.2344	0.4438	0.6533	0.3766	0.5869	0.7972
Lateral Hamstrings	98	0.0206	0.1352	0.2498	0.0619	0.2157	0.3695	0.1232	0.303	0.4829	0.2141	0.4178	0.6215	0.3417	0.5531	0.7646
Lateral Hamstrings	100	0.0305	0.1516	0.2727	0.059	0.2158	0.3726	0.1098	0.2838	0.4578	0.1878	0.3881	0.5884	0.2985	0.5149	0.7314
Anterior Tibialis	0	0.081	0.2231	0.3652	0.1967	0.3452	0.4937	0.3062	0.4834	0.6606	0.3509	0.5598	0.7687	0.3349	0.5637	0.7924
Anterior Tibialis	2	0.0948	0.2548	0.4148	0.2294	0.3901	0.5509	0.3227	0.5109	0.6992	0.358	0.5781	0.7982	0.3382	0.5794	0.8206
Anterior Tibialis	4	0.09	0.2603	0.4306	0.2275	0.3961	0.5647	0.3057	0.5007	0.6957	0.3383	0.5617	0.7852	0.326	0.5731	0.8201
Anterior Tibialis	6	0.0664	0.2423	0.4182	0.176	0.3444	0.5128	0.2538	0.4392	0.6247	0.2919	0.5053	0.7188	0.2973	0.5405	0.7836
Anterior Tibialis	8	0.0398	0.2255	0.4112	0.1071	0.2753	0.4436	0.1797	0.3423	0.5049	0.2258	0.4164	0.607	0.2532	0.4833	0.7134
Anterior Tibialis	10	0.0236	0.2103	0.3969	0.0572	0.2258	0.3943	0.1051	0.2517	0.3983	0.1528	0.3197	0.4866	0.1987	0.4116	0.6245
Anterior Tibialis	12	0.0129	0.1987	0.3846	0.0315	0.1946	0.3576	0.0511	0.1943	0.3375	0.087	0.2421	0.3972	0.1449	0.3405	0.5361
Anterior Tibialis	14	0.0071	0.1874	0.3677	0.0193	0.1732	0.3271	0.0224	0.166	0.3096	0.0413	0.1943	0.3474	0.1033	0.2825	0.4617
Anterior Tibialis	16	0.0056	0.1755	0.3453	0.0107	0.1579	0.3051	0.0088	0.1523	0.2959	0.0203	0.1707	0.321	0.0781	0.242	0.406
Anterior Tibialis	18	0.0065	0.1645	0.3225	0.0049	0.1464	0.2879	0.0026	0.1445	0.2864	0.0145	0.1605	0.3066	0.0658	0.2168	0.3678
Anterior Tibialis	20	0.0001	0.1553	0.3106	0.0005	0.1372	0.2738	0.0007	0.1386	0.2765	0.0131	0.1563	0.2995	0.0604	0.2023	0.3443
Anterior Tibialis	22	-0.0051	0.1461	0.2972	-0.004	0.1298	0.2637	0.0022	0.1326	0.2629	0.0124	0.1537	0.2951	0.0575	0.1954	0.3333
Anterior Tibialis	24	-0.0087	0.1388	0.2862	-0.007	0.124	0.2549	0.0067	0.1258	0.245	0.0118	0.1511	0.2904	0.0561	0.1944	0.3326
Anterior Tibialis	26	-0.0114	0.1304	0.2722	-0.0082	0.1188	0.2458	0.0105	0.1194	0.2282	0.0123	0.1483	0.2843	0.0574	0.198	0.3387
Anterior Tibialis	28	-0.0115	0.1226	0.2568	-0.0088	0.1134	0.2355	0.012	0.1144	0.2168	0.0162	0.1465	0.2768	0.0628	0.2052	0.3476
Anterior Tibialis	30	-0.011	0.1147	0.2405	-0.0087	0.1077	0.2241	0.0127	0.1114	0.2101	0.0234	0.1471	0.2708	0.0712	0.2147	0.3583
Anterior Tibialis	32	-0.0099	0.1088	0.2276	-0.0079	0.1022	0.2122	0.0143	0.1102	0.2061	0.032	0.1511	0.2701	0.0802	0.2257	0.3712
Anterior Tibialis	34	-0.0104	0.1046	0.2196	-0.0041	0.0971	0.1984	0.0177	0.1109	0.2041	0.0421	0.1583	0.2744	0.0883	0.2364	0.3845
Anterior Tibialis	36	-0.0138	0.1032	0.2202	0.0025	0.093	0.1835	0.0232	0.1138	0.2044	0.0526	0.1674	0.2822	0.095	0.2442	0.3935
Anterior Tibialis	38	-0.0129	0.0984	0.2096	0.008	0.0904	0.1728	0.0304	0.1186	0.2068	0.0615	0.1761	0.2908	0.0995	0.2462	0.393
Anterior Tibialis	40	-0.0175	0.0952	0.2079	0.0131	0.0895	0.1659	0.0374	0.1239	0.2104	0.0673	0.1812	0.2951	0.1011	0.2407	0.3804
Anterior Tibialis	42	-0.0159	0.0922	0.2003	0.0175	0.0889	0.1603	0.0409	0.1275	0.2142	0.0692	0.1794	0.2896	0.0999	0.2289	0.358
Anterior Tibialis	44	-0.0158	0.0908	0.1974	0.0194	0.0869	0.1544	0.0399	0.1274	0.2149	0.0666	0.1693	0.2719	0.0967	0.2154	0.3342
Anterior Tibialis	46	-0.0132	0.0867	0.1865	0.0172	0.0833	0.1493	0.0346	0.1219	0.2092	0.0599	0.1528	0.2457	0.0905	0.2076	0.3248
Anterior Tibialis	48	-0.012	0.0812	0.1744	0.0118	0.0781	0.1444	0.0251	0.1113	0.1976	0.0514	0.1366	0.2217	0.0819	0.2147	0.3476
Anterior Tibialis	50	-0.0147	0.0762	0.1671	0.0054	0.0714	0.1374	0.0137	0.0992	0.1847	0.0423	0.1306	0.219	0.0832	0.2457	0.4081
Anterior Tibialis	52	-0.0186	0.0735	0.1657	-0.0009	0.0654	0.1317	0.0044	0.0921	0.1798	0.0378	0.1469	0.256	0.1121	0.3057	0.4993
Anterior Tibialis	54	-0.022	0.0716	0.1653	-0.0071	0.0639	0.1349	0.002	0.0994	0.1968	0.0535	0.1939	0.3344	0.176	0.3918	0.6076
Anterior Tibialis	56	-0.0265	0.0731	0.1727	-0.0101	0.0727	0.1555	0.0123	0.1292	0.2462	0.1008	0.2705	0.4402	0.2648	0.4905	0.7163
Anterior Tibialis	58	-0.0305	0.0801	0.1907	-0.0054	0.0976	0.2005	0.0431	0.1826	0.3222	0.1728	0.3619	0.551	0.3538	0.5815	0.8093
Anterior Tibialis	60	-0.0242	0.0959	0.2159	0.0161	0.1385	0.2608	0.0932	0.2494	0.4056	0.2466	0.4456	0.6446	0.4183	0.646	0.8737
Anterior Tibialis	62	-0.0113	0.1219	0.255	0.0544	0.1888	0.3232	0.1483	0.3128	0.4773	0.2998	0.5034	0.7069	0.448	0.6747	0.9014
Anterior Tibialis	64	0.004	0.1545	0.305	0.0998	0.2397	0.3797	0.1939	0.3607	0.5276	0.3253	0.5301	0.735	0.4464	0.6699	0.8935
Anterior Tibialis	66	0.0211	0.1851	0.3492	0.144	0.284	0.4239	0.225	0.3921	0.5593	0.3291	0.5322	0.7353	0.4222	0.6409	0.8597
Anterior Tibialis	68	0.0429	0.2111	0.3792	0.1803	0.3176	0.4548	0.2432	0.4109	0.5786	0.3206	0.5182	0.7157	0.3839	0.5968	0.8096
Anterior Tibialis	70	0.0711	0.2314	0.3917	0.2002	0.3376	0.475	0.2486	0.416	0.5834	0.3047	0.4924	0.6802	0.3377	0.543	0.7483
Anterior Tibialis	72	0.0927	0.2456	0.3984	0.1995	0.3371	0.4747	0.2393	0.4026	0.5659	0.2807	0.4557	0.6306	0.2874	0.483	0.6786
Anterior Tibialis	74	0.1054	0.2518	0.3982	0.1788	0.3129	0.4471	0.2153	0.37	0.5247	0.2467	0.4083	0.5699	0.2363	0.4207	0.6051
Anterior Tibialis	76	0.1092	0.2494	0.3895	0.1446	0.2729	0.4012	0.1822	0.3245	0.4669	0.2055	0.3542	0.503	0.1887	0.3617	0.5347
Anterior Tibialis	78	0.1027	0.2354	0.3682	0.1074	0.2271	0.3468	0.1472	0.2751	0.4029	0.1649	0.3013	0.4376	0.1505	0.3126	0.4747
Anterior Tibialis	80	0.082	0.2145	0.347	0.0775	0.1848	0.2921	0.1155	0.23	0.3445	0.1326	0.2588	0.385	0.1268	0.2793	0.4319
Anterior Tibialis	82	0.0626	0.1877	0.3127	0.0594	0.1539	0.2484	0.0926	0.1976	0.3026	0.1136	0.2336	0.3535	0.1197	0.2659	0.4121
Anterior Tibialis	84	0.0469	0.1645	0.2821	0.0525	0.1389	0.2254	0.0826	0.1836	0.2846	0.1097	0.228	0.3462	0.1276	0.2727	0.4178
Anterior Tibialis	86	0.0372	0.1513	0.2654	0.0546	0.1392	0.2238	0.0858	0.1885	0.2912	0.1185	0.2408	0.3632	0.1474	0.2969	0.4464
Anterior Tibialis	88	0.0322	0.1478	0.2633	0.0625	0.1502	0.2379	0.099	0.2079	0.3168	0.137	0.2693	0.4017	0.1768	0.334	0.4911
Anterior Tibialis	90	0.0289	0.1525	0.2762	0.0742	0.1691	0.2641	0.1195	0.2379	0.3563	0.1654	0.311	0.4566	0.2135	0.3792	0.545
Anterior Tibialis	92	0.0421	0.1615	0.2809	0.0902	0.1954	0.3007	0.1495	0.2789	0.4083	0.2049	0.3642	0.5234	0.2544	0.4287	0.603
Anterior Tibialis	94	0.0526	0.1749	0.2972	0.1123	0.2291	0.3459	0.1904	0.3319	0.4734	0.252	0.4252	0.5985	0.2943	0.4779	0.6616
Anterior Tibialis	96	0.0634	0.1882	0.3129	0.1393	0.2699	0.4006	0.237	0.3915	0.5459	0.2968	0.4853	0.6738	0.3255	0.5212	0.7168
Anterior Tibialis	98	0.0713	0.2051	0.3389	0.1716	0.3156	0.4596	0.2776	0.445	0.6123	0.3287	0.5323	0.7359	0.342	0.5524	0.7629
Anterior Tibialis	100	0.0839	0.2326	0.3812	0.206	0.3606	0.5153	0.2997	0.4797	0.6596	0.3398	0.5561	0.7724	0.3434	0.5672	0.791
Medial Gastrocnemius	0	-0.0371	0.0577	0.1526	-0.0181	0.0621	0.1424	-0.0155	0.1066	0.2287	0.0091	0.1863	0.3635	0.0365	0.2438	0.4512
Medial Gastrocnemius	2	-0.0272	0.0598	0.1468	-0.0125	0.0644	0.1414	-0.0064	0.1056	0.2175	0.01	0.1724	0.3348	0.0273	0.2244	0.4215
Medial Gastrocnemius	4	-0.0234	0.0646	0.1526	-0.0084	0.067	0.1423	-0.0028	0.1066	0.2159	0.0123	0.1599	0.3074	0.0194	0.205	0.3907
Medial Gastrocnemius	6	-0.0215	0.0707	0.163	-0.0089	0.0709	0.1507	-0.0031	0.1107	0.2244	0.0177	0.1545	0.2913	0.0175	0.1896	0.3617
Medial Gastrocnemius	8	-0.0196	0.077	0.1735	-0.0118	0.0785	0.1688	-0.0048	0.1188	0.2425	0.0264	0.1587	0.2911	0.0224	0.1807	0.3391
Medial Gastrocnemius	10	-0.0138	0.0835	0.1807	-0.0143	0.0899	0.1942	-0.0045	0.133	0.2705	0.037	0.172	0.3071	0.031	0.1802	0.3294
Medial Gastrocnemius	12	-0.0088	0.0936	0.1961	-0.0132	0.1048	0.2229	0.0031	0.1547	0.3062	0.0494	0.1918	0.3343	0.0421	0.1892	0.3363
Medial Gastrocnemius	14	-0.003	0.1097	0.2224	-0.0055	0.1246	0.2547	0.0196	0.1828	0.3459	0.065	0.215	0.3651	0.0575	0.2083	0.359
Medial Gastrocnemius	16	0.0059	0.1271	0.2482	0.0092	0.1504	0.2916	0.0437	0.2145	0.3853	0.0826	0.2388	0.395	0.0789	0.2373	0.3957
Medial Gastrocnemius	18	0.0135	0.1456	0.2777	0.0291	0.1817	0.3343	0.0732	0.247	0.4208	0.0992	0.2614	0.4235	0.1065	0.2758	0.4451
Medial Gastrocnemius	20	0.02	0.1667	0.3134	0.0523	0.2169	0.3814	0.105	0.2786	0.4522	0.114	0.2828	0.4517	0.14	0.3229	0.5057
Medial Gastrocnemius	22	0.0304	0.1901	0.3499	0.0785	0.2536	0.4288	0.1366	0.3081	0.4795	0.1296	0.3059	0.4823	0.18	0.3773	0.5745
Medial Gastrocnemius	24	0.0429	0.2079	0.3729	0.1083	0.2879	0.4674	0.1653	0.3351	0.5049	0.1508	0.3352	0.5196	0.2279	0.4375	0.647
Medial Gastrocnemius	26	0.0583	0.2242	0.3901	0.1396	0.3181	0.4966	0.1898	0.3606	0.5313	0.1823	0.3746	0.5669	0.2846	0.5016	0.7187
Medial Gastrocnemius	28	0.0756	0.2433	0.411	0.1682	0.3469	0.5255	0.2129	0.3862	0.5596	0.2262	0.425	0.6238	0.3491	0.5673	0.7856
Medial Gastrocnemius	30	0.0912	0.2667	0.4423	0.1962	0.3755	0.5549	0.2392	0.4136	0.5879	0.2799	0.4837	0.6874	0.418	0.6312	0.8443
Medial Gastrocnemius	32	0.103	0.2894	0.4758	0.2255	0.4029	0.5802	0.2695	0.4432	0.6169	0.3375	0.5444	0.7514	0.4838	0.6881	0.8925
Medial Gastrocnemius	34	0.1184	0.3108	0.5032	0.253	0.4259	0.5988	0.2998	0.474	0.6482	0.3927	0.5995	0.8063	0.5345	0.7314	0.9283
Medial Gastrocnemius	36	0.1324	0.3274	0.5223	0.2727	0.4418	0.611	0.3243	0.502	0.6798	0.4378	0.6413	0.8447	0.5574	0.7529	0.9485
Medial Gastrocnemius	38	0.1459	0.3399	0.534	0.2816	0.4502	0.6188	0.3357	0.5208	0.7059	0.4605	0.6618	0.8631	0.5446	0.7456	0.9466
Medial Gastrocnemius	40	0.1579	0.3471	0.5364	0.2804	0.4489	0.6174	0.3295	0.5225	0.7155	0.4498	0.6534	0.8569	0.4964	0.7057	0.9149
Medial Gastrocnemius	42	0.1644	0.3501	0.5358	0.266	0.4325	0.5991	0.3036	0.5011	0.6987	0.4031	0.611	0.8189	0.4214	0.6349	0.8485
Medial Gastrocnemius	44	0.1601	0.3415	0.5228	0.2313	0.3971	0.563	0.2568	0.4542	0.6515	0.3283	0.5363	0.7442	0.3321	0.5416	0.7511
Medial Gastrocnemius	46	0.1404	0.3142	0.488	0.1807	0.3431	0.5055	0.1932	0.3856	0.5781	0.2408	0.4389	0.6371	0.2414	0.4385	0.6357
Medial Gastrocnemius	48	0.1121	0.2741	0.4361	0.1223	0.2758	0.4293	0.1251	0.3054	0.4858	0.158	0.3354	0.5128	0.1599	0.3401	0.5204
Medial Gastrocnemius	50	0.078	0.2235	0.369	0.0678	0.2048	0.3417	0.0673	0.2259	0.3844	0.0933	0.2419	0.3906	0.0959	0.2578	0.4197
Medial Gastrocnemius	52	0.0405	0.1734	0.3063	0.0278	0.1421	0.2564	0.0274	0.1572	0.2871	0.0522	0.1691	0.2861	0.0521	0.1973	0.3424
Medial Gastrocnemius	54	0.0173	0.1329	0.2486	0.0044	0.0954	0.1864	0.0053	0.1061	0.2068	0.0302	0.1202	0.2102	0.0242	0.1584	0.2927
Medial Gastrocnemius	56	0.0012	0.1068	0.2124	-0.0046	0.0649	0.1343	-0.0046	0.0738	0.1522	0.0171	0.0927	0.1683	0.0053	0.137	0.2687
Medial Gastrocnemius	58	-0.0118	0.0878	0.1874	-0.0061	0.0473	0.1007	-0.0088	0.0573	0.1234	0.0071	0.0809	0.1546	-0.0083	0.1265	0.2613
Medial Gastrocnemius	60	-0.0226	0.0751	0.1728	-0.0078	0.0388	0.0855	-0.0109	0.0511	0.113	0.0007	0.0775	0.1543	-0.018	0.1211	0.2602
Medial Gastrocnemius	62	-0.0242	0.0654	0.1549	-0.0085	0.0357	0.0799	-0.0121	0.0501	0.1122	-0.0035	0.0771	0.1576	-0.0254	0.1168	0.2589
Medial Gastrocnemius	64	-0.0272	0.0598	0.1469	-0.0088	0.0357	0.0802	-0.0138	0.051	0.1157	-0.0078	0.0768	0.1613	-0.0313	0.1119	0.255
Medial Gastrocnemius	66	-0.0352	0.058	0.1511	-0.0101	0.0372	0.0845	-0.0165	0.0521	0.1207	-0.0132	0.0759	0.1649	-0.0359	0.1064	0.2488
Medial Gastrocnemius	68	-0.0371	0.0551	0.1472	-0.0105	0.0389	0.0883	-0.0193	0.0528	0.1249	-0.0188	0.0742	0.1672	-0.0386	0.1009	0.2403
Medial Gastrocnemius	70	-0.0355	0.0527	0.1409	-0.0094	0.0397	0.0889	-0.0213	0.0527	0.1268	-0.023	0.0716	0.1661	-0.0385	0.0956	0.2296
Medial Gastrocnemius	72	-0.0319	0.0509	0.1337	-0.0083	0.0396	0.0876	-0.0221	0.0519	0.1259	-0.0245	0.0679	0.1604	-0.035	0.0912	0.2174
Medial Gastrocnemius	74	-0.0279	0.0489	0.1257	-0.0084	0.0387	0.0859	-0.022	0.0504	0.1227	-0.0233	0.0639	0.151	-0.0293	0.089	0.2074
Medial Gastrocnemius	76	-0.0265	0.0462	0.1188	-0.0088	0.0373	0.0835	-0.0212	0.0487	0.1186	-0.0203	0.0607	0.1416	-0.024	0.0908	0.2056
Medial Gastrocnemius	78	-0.0279	0.0432	0.1144	-0.009	0.0355	0.0799	-0.0202	0.0478	0.1157	-0.0168	0.0599	0.1366	-0.0204	0.0985	0.2175
Medial Gastrocnemius	80	-0.031	0.0411	0.1132	-0.0102	0.0335	0.0773	-0.0196	0.0482	0.1161	-0.0132	0.0635	0.1402	-0.0163	0.1138	0.2439
Medial Gastrocnemius	82	-0.0304	0.0384	0.1073	-0.0127	0.0322	0.0771	-0.02	0.0504	0.1207	-0.01	0.0728	0.1556	-0.008	0.1372	0.2823
Medial Gastrocnemius	84	-0.0293	0.0358	0.101	-0.0142	0.0316	0.0774	-0.0212	0.0538	0.1289	-0.0081	0.0884	0.1848	0.0049	0.1673	0.3297
Medial Gastrocnemius	86	-0.0311	0.0352	0.1014	-0.0139	0.0317	0.0774	-0.0231	0.0584	0.1399	-0.0077	0.1088	0.2253	0.0195	0.2008	0.3821
Medial Gastrocnemius	88	-0.0317	0.0365	0.1047	-0.0137	0.033	0.0798	-0.026	0.0646	0.1552	-0.0068	0.1319	0.2706	0.0331	0.2332	0.4332
Medial Gastrocnemius	90	-0.0325	0.0396	0.1116	-0.0142	0.0361	0.0863	-0.0289	0.0729	0.1746	-0.0036	0.1551	0.3137	0.0446	0.2599	0.4752
Medial Gastrocnemius	92	-0.0323	0.0435	0.1192	-0.0149	0.0406	0.0962	-0.0291	0.083	0.1951	0.0012	0.1758	0.3504	0.0531	0.2777	0.5023
Medial Gastrocnemius	94	-0.0297	0.047	0.1237	-0.0151	0.0459	0.1069	-0.0268	0.0935	0.2138	0.0055	0.1908	0.3762	0.057	0.2846	0.5122
Medial Gastrocnemius	96	-0.0315	0.0521	0.1357	-0.0141	0.0508	0.1156	-0.0234	0.1012	0.2259	0.0082	0.197	0.3858	0.0553	0.2798	0.5042
Medial Gastrocnemius	98	-0.0367	0.0568	0.1503	-0.0121	0.0546	0.1214	-0.0187	0.104	0.2268	0.0098	0.1931	0.3764	0.049	0.2647	0.4805
Medial Gastrocnemius	100	-0.0374	0.0606	0.1587	-0.0099	0.0578	0.1255	-0.0119	0.1034	0.2187	0.0114	0.1823	0.3532	0.0404	0.2434	0.4465